    mensagem    
----------------
 INICIO ANÁLISE
(1 registro)

             nota             
------------------------------
 quantidade de dados iniciais
(1 registro)

  count  
---------
 1346153
(1 registro)

                 nota                  
---------------------------------------
 quantidade de dados depois de limpeza
(1 registro)

  count  
---------
 1005462
(1 registro)

                  nota                  
----------------------------------------
 viagens que se iniciam em praça ou poi
(1 registro)

 count  
--------
 584541
(1 registro)

                 nota                 
--------------------------------------
 viagens que terminam em praça ou poi
(1 registro)

 count  
--------
 229379
(1 registro)

                      nota                      
------------------------------------------------
 viagens que iniciam e terminam em praça ou poi
(1 registro)

 count  
--------
 122496
(1 registro)

           nota            
---------------------------
 quantidade de praças/pois
(1 registro)

 count 
-------
    89
(1 registro)

     nota     
--------------
 total de kms
(1 registro)

   round    
------------
 4089262.96
(1 registro)

     label      
----------------
 PANORAMA GERAL
(1 registro)

        label        
---------------------
 visão geral semanal
(1 registro)

 day_of_week | hour | count 
-------------+------+-------
           0 |    0 |  6971
           0 |    1 |  8989
           0 |    2 | 10056
           0 |    3 | 10365
           0 |    4 | 12980
           0 |    5 | 11076
           0 |    6 | 10103
           0 |    7 |  6543
           0 |    8 |  4156
           0 |    9 |  4434
           0 |   10 |  4906
           0 |   11 |  4906
           0 |   12 |  5532
           0 |   13 |  5232
           0 |   14 |  5038
           0 |   15 |  4797
           0 |   16 |  4898
           0 |   17 |  4862
           0 |   18 |  5490
           0 |   19 |  5478
           0 |   20 |  5724
           0 |   21 |  5381
           0 |   22 |  4785
           0 |   23 |  3998
           1 |    0 |  2859
           1 |    1 |  3060
           1 |    2 |  1905
           1 |    3 |  1650
           1 |    4 |  2298
           1 |    5 |  2326
           1 |    6 |  2501
           1 |    7 |  4581
           1 |    8 |  7600
           1 |    9 |  9581
           1 |   10 |  8889
           1 |   11 |  8182
           1 |   12 |  7272
           1 |   13 |  7593
           1 |   14 |  8027
           1 |   15 |  7495
           1 |   16 |  7541
           1 |   17 |  6311
           1 |   18 |  5698
           1 |   19 |  5701
           1 |   20 |  5610
           1 |   21 |  4938
           1 |   22 |  4313
           1 |   23 |  3670
           2 |    0 |  2947
           2 |    1 |  2945
           2 |    2 |  2344
           2 |    3 |  2165
           2 |    4 |  3287
           2 |    5 |  2973
           2 |    6 |  2767
           2 |    7 |  4453
           2 |    8 |  7066
           2 |    9 |  8810
           2 |   10 |  8283
           2 |   11 |  7735
           2 |   12 |  6988
           2 |   13 |  7107
           2 |   14 |  7804
           2 |   15 |  7205
           2 |   16 |  7023
           2 |   17 |  6166
           2 |   18 |  5362
           2 |   19 |  5423
           2 |   20 |  5420
           2 |   21 |  4922
           2 |   22 |  4394
           2 |   23 |  3837
           3 |    0 |  3411
           3 |    1 |  3135
           3 |    2 |  2592
           3 |    3 |  2361
           3 |    4 |  3404
           3 |    5 |  3142
           3 |    6 |  3026
           3 |    7 |  4687
           3 |    8 |  7420
           3 |    9 |  9063
           3 |   10 |  8320
           3 |   11 |  7412
           3 |   12 |  7068
           3 |   13 |  7108
           3 |   14 |  7611
           3 |   15 |  7186
           3 |   16 |  7230
           3 |   17 |  6416
           3 |   18 |  5480
           3 |   19 |  5797
           3 |   20 |  6311
           3 |   21 |  5197
           3 |   22 |  4740
           3 |   23 |  4180
           4 |    0 |  3799
           4 |    1 |  4078
           4 |    2 |  3356
           4 |    3 |  3126
           4 |    4 |  4336
           4 |    5 |  4102
           4 |    6 |  3830
           4 |    7 |  4930
           4 |    8 |  7740
           4 |    9 |  9167
           4 |   10 |  8430
           4 |   11 |  7727
           4 |   12 |  7396
           4 |   13 |  7644
           4 |   14 |  7950
           4 |   15 |  7462
           4 |   16 |  7259
           4 |   17 |  6577
           4 |   18 |  5546
           4 |   19 |  6065
           4 |   20 |  6716
           4 |   21 |  5685
           4 |   22 |  5075
           4 |   23 |  4528
           5 |    0 |  3982
           5 |    1 |  4492
           5 |    2 |  3918
           5 |    3 |  3593
           5 |    4 |  5133
           5 |    5 |  4916
           5 |    6 |  4414
           5 |    7 |  4883
           5 |    8 |  7489
           5 |    9 |  8966
           5 |   10 |  8444
           5 |   11 |  7703
           5 |   12 |  7397
           5 |   13 |  7560
           5 |   14 |  8179
           5 |   15 |  7424
           5 |   16 |  7648
           5 |   17 |  6901
           5 |   18 |  5873
           5 |   19 |  6589
           5 |   20 |  7967
           5 |   21 |  7476
           5 |   22 |  6614
           5 |   23 |  6373
           6 |    0 |  6656
           6 |    1 |  8207
           6 |    2 |  8155
           6 |    3 |  8696
           6 |    4 | 10784
           6 |    5 |  9597
           6 |    6 |  8520
           6 |    7 |  5936
           6 |    8 |  4888
           6 |    9 |  6055
           6 |   10 |  5869
           6 |   11 |  5488
           6 |   12 |  5648
           6 |   13 |  5373
           6 |   14 |  6128
           6 |   15 |  5804
           6 |   16 |  5463
           6 |   17 |  5590
           6 |   18 |  5901
           6 |   19 |  6396
           6 |   20 |  7425
           6 |   21 |  7866
           6 |   22 |  6477
           6 |   23 |  6058
(168 registros)

       label       
-------------------
 visao geral anual
(1 registro)

 day_of_year | count 
-------------+-------
           1 |  5869
           2 |  2784
           3 |  3069
           4 |  3277
           5 |  3008
           6 |  2794
           7 |  2844
           8 |  3031
           9 |  3520
          10 |  3510
          11 |  3180
          12 |  3007
          13 |  2989
          14 |  2943
          15 |  3335
          16 |  3334
          17 |  3251
          18 |  2965
          19 |  2781
          20 |  2776
          21 |  2881
          22 |  2958
          23 |  3317
          24 |  3517
          25 |  3308
          26 |  2824
          27 |  2836
          28 |  2656
          29 |  3146
          30 |  3515
          31 |  3669
          32 |  3678
          33 |  3007
          34 |  2768
          35 |  2878
          36 |  3040
          37 |  3421
          38 |  3757
          39 |  3482
          40 |  2770
          41 |  2796
          42 |  3100
          43 |  3273
          44 |  3670
          45 |  4100
          46 |  3272
          47 |  2887
          48 |  4479
          49 |  2857
          50 |  2980
          51 |  3570
          52 |  3266
          53 |  3521
          54 |  2855
          55 |  2845
          56 |  2723
          57 |  3224
          58 |  3993
          59 |  4407
          60 |  4334
          61 |  3027
          62 |  2806
          63 |  3121
          64 |  3254
          65 |  3814
          66 |  3977
          67 |  4138
          68 |  2904
          69 |  3479
          70 |  3395
          71 |  3313
          72 |  3586
          73 |  3829
          74 |  3747
          75 |  2931
          76 |  2800
          77 |  2883
          78 |  3175
          79 |  3934
          80 |  4140
          81 |  3865
          82 |  3048
          83 |  2977
          84 |  2974
          85 |  3351
          86 |  4080
          87 |  4170
          88 |  3992
          89 |  2978
          90 |  3337
          91 |  3129
          92 |  3819
          93 |  4542
          94 |  4070
          95 |  3531
          96 |  2915
          97 |  2985
          98 |  3148
          99 |  3291
         100 |  4060
         101 |  4184
         102 |  4226
         103 |  3320
         104 |  3376
         105 |  3772
         106 |  3666
         107 |  3907
         108 |  4190
         109 |  4014
         110 |  3206
         111 |  4263
         112 |  3466
         113 |  3668
         114 |  4022
         115 |  4871
         116 |  3665
         117 |  3262
         118 |  3199
         119 |  3309
         120 |  3804
         121 |  4870
         122 |  4104
         123 |  5501
         124 |  4712
         125 |  4399
         126 |  5153
         127 |  5157
         128 |  4919
         129 |  5327
         130 |  5073
         131 |  6425
         132 |  3403
         133 |  3507
         134 |  3757
         135 |  4124
         136 |  4789
         137 |  4393
         138 |  3439
         139 |  3340
         140 |  3423
         141 |  3699
         142 |  4070
         143 |  4735
         144 |  4812
         145 |  3762
         146 |  3583
         147 |  3712
         148 |  4276
         149 |  4330
         150 |  5181
         151 |  5241
         152 |  3453
         153 |  3423
         154 |  3444
         155 |  4420
         156 |  5482
         157 |  6070
         158 |  5287
         159 |  3637
         160 |  3768
         161 |  3704
         162 |  3583
         163 |  4133
         164 |  4480
         165 |  3935
         166 |  3485
         167 |  3479
         168 |  3700
         169 |  4008
         170 |  4326
         171 |  4949
         172 |  4827
         173 |  3774
         174 |  3157
         175 |  5424
         176 |  3655
         177 |  4318
         178 |  4276
         179 |  3943
         180 |  3570
         181 |  3647
         182 |  3683
         183 |  3980
         184 |  4389
         185 |  4802
         186 |  4427
         187 |  3611
         188 |  3701
         189 |  3838
         190 |  3951
         191 |  4477
         192 |  4556
         193 |  4359
         194 |  3691
         195 |  3804
         196 |  3809
         197 |  4203
         198 |  4514
         199 |  4614
         200 |  4234
         201 |  3737
         202 |  3707
         203 |  3868
         204 |  4134
         205 |  4316
         206 |  4260
         207 |  3925
         208 |  3351
         209 |  3643
         210 |  3807
         211 |  3871
         212 |  3918
         213 |  4449
         214 |  3921
         215 |  3441
         216 |  3552
         217 |  3732
         218 |  3799
         219 |  3947
         220 |  4223
         221 |  4202
         222 |  3688
         223 |  3613
         224 |  3564
         225 |  3864
         226 |  3717
         227 |  4207
         228 |  3681
         229 |  3311
         230 |  3312
         231 |  3424
         232 |  4006
         233 |  3718
         234 |  3756
         235 |  3626
         236 |  3214
         237 |  3286
         238 |  3307
         239 |  3594
         240 |  3676
         241 |  4070
         242 |  3840
         243 |  3435
         244 |  3598
         245 |  3631
         246 |  4052
         247 |  4400
         248 |  4659
         249 |  4596
         250 |  3786
         251 |  1547
         252 |  3830
         253 |  4267
         254 |  4562
         255 |  4812
         256 |  5583
         257 |  3653
         258 |  4149
         259 |  3883
         260 |  4030
         261 |  4659
         262 |  4684
         263 |  5099
         264 |  3696
         265 |  3810
         266 |  3775
         267 |    21
(267 registros)

            label            
-----------------------------
 velocidades segunda a sexta
(1 registro)

 hour |         avg         
------+---------------------
    0 | 21.2220984821743735
    1 | 22.3981445511010728
    2 | 22.3815699610343606
    3 | 23.7094974796432726
    4 | 26.5584738324845595
    5 | 26.6795331920499456
    6 | 25.1277324948603217
    7 | 22.6141493158834027
    8 | 18.0290797266514806
    9 | 18.0296575778182377
   10 | 18.4958159845158854
   11 | 18.6193031295957068
   12 | 18.4210096619694914
   13 | 18.5507181454663352
   14 | 17.6693090899901443
   15 | 17.6671891656695312
   16 | 17.4479820713332062
   17 | 16.6120200179172716
   18 | 15.8169566150434565
   19 | 17.0833984784446323
   20 | 18.7970490881838621
   21 | 19.3098788007654688
   22 | 19.3580279280712922
   23 | 19.8324123428369046
(24 registros)

           label           
---------------------------
 velocidades fim de semana
(1 registro)

 hour |         avg         
------+---------------------
    0 | 19.6680868863286123
    1 | 20.9675052337752966
    2 | 21.4928773818022075
    3 | 22.3778301243376528
    4 | 23.4079948661841441
    5 | 23.8292947322594689
    6 | 23.4835386350212103
    7 | 23.5411098645724818
    8 | 22.7741618752764264
    9 | 21.7855057679473734
   10 | 20.5080965197215777
   11 | 19.9506253607850683
   12 | 19.8573676207513417
   13 | 20.7132013201320132
   14 | 20.1636217087587319
   15 | 18.9982435619281200
   16 | 19.1854627931666828
   17 | 19.0420847684653655
   18 | 19.1255438504082170
   19 | 18.8268746841839313
   20 | 18.8229173321165108
   21 | 18.8336498829923756
   22 | 19.3247362812999467
   23 | 19.5692949482895784
(24 registros)

 label  
--------
 PONTOS
(1 registro)

                mensagem                 
-----------------------------------------
 mais serviços a partir de uma praça/poi
(1 registro)

     name     | count 
--------------+-------
 Campanhã     | 60430
 São Bento    | 32226
 Clérigos     | 30907
 H. São João  | 25679
 Ribeira      | 25359
 Lordelo      | 21115
 Rotunda Este | 20823
 Batalha      | 20712
 Carregal     | 17443
 Bom Sucesso  | 16320
(10 registros)

             mensagem             
----------------------------------
 mais serviços para uma praça/poi
(1 registro)

              name               | count 
---------------------------------+-------
 Aeroporto Francisco Sá Carneiro | 48877
 Campanhã                        | 23190
 Bom Sucesso                     |  7775
 São Bento                       |  6907
 Lordelo                         |  6398
 Batalha                         |  6336
 Porto Palácio                   |  5674
 Ribeira                         |  5295
 Eskada Porto                    |  4917
 HF Ipanema Porto                |  4842
(10 registros)

       sublabel        
-----------------------
 campanha e aeroporto:
(1 registro)

           mensagem           
------------------------------
 serviços por dow em campanha
(1 registro)

 day_of_week | count 
-------------+-------
           5 |  9379
           1 |  9250
           0 |  8820
           4 |  8711
           3 |  8573
           2 |  8291
           6 |  7406
(7 registros)

           mensagem            
-------------------------------
 serviços por hour em campanha
(1 registro)

 hour | count 
------+-------
   20 |  4820
    9 |  4520
   12 |  4480
   21 |  4428
   10 |  4257
   14 |  4252
   19 |  3846
   18 |  3764
   16 |  3226
   22 |  3081
   13 |  3035
    1 |  3030
   11 |  2653
    8 |  2295
   15 |  1992
   17 |  1940
   23 |  1684
    0 |   861
    7 |   767
    6 |   554
    5 |   334
    2 |   274
    4 |   173
    3 |   164
(24 registros)

              mensagem               
-------------------------------------
 serviços por dow e hour em campanha
(1 registro)

 day_of_week | hour | count 
-------------+------+-------
           0 |    0 |   146
           0 |    1 |   446
           0 |    2 |    76
           0 |    3 |    34
           0 |    4 |    26
           0 |    5 |    69
           0 |    6 |    80
           0 |    7 |   104
           0 |    8 |    81
           0 |    9 |   292
           0 |   10 |   208
           0 |   11 |   129
           0 |   12 |   584
           0 |   13 |   386
           0 |   14 |   561
           0 |   15 |   238
           0 |   16 |   561
           0 |   17 |   391
           0 |   18 |   799
           0 |   19 |   688
           0 |   20 |   946
           0 |   21 |   930
           0 |   22 |   675
           0 |   23 |   370
           1 |    0 |   144
           1 |    1 |   574
           1 |    2 |    31
           1 |    3 |    11
           1 |    4 |    25
           1 |    5 |    32
           1 |    6 |    89
           1 |    7 |   134
           1 |    8 |   469
           1 |    9 |   819
           1 |   10 |   845
           1 |   11 |   450
           1 |   12 |   658
           1 |   13 |   517
           1 |   14 |   658
           1 |   15 |   339
           1 |   16 |   548
           1 |   17 |   245
           1 |   18 |   491
           1 |   19 |   538
           1 |   20 |   606
           1 |   21 |   547
           1 |   22 |   339
           1 |   23 |   141
           2 |    0 |    89
           2 |    1 |   377
           2 |    2 |    26
           2 |    3 |    24
           2 |    4 |    24
           2 |    5 |    44
           2 |    6 |    62
           2 |    7 |   103
           2 |    8 |   406
           2 |    9 |   783
           2 |   10 |   717
           2 |   11 |   476
           2 |   12 |   658
           2 |   13 |   422
           2 |   14 |   591
           2 |   15 |   218
           2 |   16 |   473
           2 |   17 |   200
           2 |   18 |   521
           2 |   19 |   470
           2 |   20 |   576
           2 |   21 |   539
           2 |   22 |   355
           2 |   23 |   137
           3 |    0 |   108
           3 |    1 |   299
           3 |    2 |    39
           3 |    3 |    22
           3 |    4 |    24
           3 |    5 |    40
           3 |    6 |    70
           3 |    7 |   120
           3 |    8 |   386
           3 |    9 |   758
           3 |   10 |   791
           3 |   11 |   443
           3 |   12 |   660
           3 |   13 |   422
           3 |   14 |   597
           3 |   15 |   273
           3 |   16 |   429
           3 |   17 |   267
           3 |   18 |   523
           3 |   19 |   531
           3 |   20 |   678
           3 |   21 |   548
           3 |   22 |   396
           3 |   23 |   149
           4 |    0 |    90
           4 |    1 |   358
           4 |    2 |    28
           4 |    3 |    24
           4 |    4 |    28
           4 |    5 |    45
           4 |    6 |    86
           4 |    7 |   109
           4 |    8 |   419
           4 |    9 |   764
           4 |   10 |   646
           4 |   11 |   476
           4 |   12 |   670
           4 |   13 |   485
           4 |   14 |   527
           4 |   15 |   303
           4 |   16 |   370
           4 |   17 |   295
           4 |   18 |   556
           4 |   19 |   523
           4 |   20 |   672
           4 |   21 |   650
           4 |   22 |   417
           4 |   23 |   170
           5 |    0 |   115
           5 |    1 |   421
           5 |    2 |    24
           5 |    3 |    20
           5 |    4 |    26
           5 |    5 |    40
           5 |    6 |    72
           5 |    7 |   119
           5 |    8 |   373
           5 |    9 |   685
           5 |   10 |   595
           5 |   11 |   406
           5 |   12 |   629
           5 |   13 |   513
           5 |   14 |   650
           5 |   15 |   337
           5 |   16 |   414
           5 |   17 |   301
           5 |   18 |   444
           5 |   19 |   698
           5 |   20 |   768
           5 |   21 |   698
           5 |   22 |   552
           5 |   23 |   479
           6 |    0 |   169
           6 |    1 |   555
           6 |    2 |    50
           6 |    3 |    29
           6 |    4 |    20
           6 |    5 |    64
           6 |    6 |    95
           6 |    7 |    78
           6 |    8 |   161
           6 |    9 |   419
           6 |   10 |   455
           6 |   11 |   273
           6 |   12 |   621
           6 |   13 |   290
           6 |   14 |   668
           6 |   15 |   284
           6 |   16 |   431
           6 |   17 |   241
           6 |   18 |   430
           6 |   19 |   398
           6 |   20 |   574
           6 |   21 |   516
           6 |   22 |   347
           6 |   23 |   238
(168 registros)

     mensagem      
-------------------
 alfas em campanha
(1 registro)

   mensagem   
--------------
 18h às 23:59
(1 registro)

 hour | min |  c  
------+-----+-----
   18 |   0 |  13
   18 |   1 |   8
   18 |   2 |  15
   18 |   3 |  11
   18 |   4 |   8
   18 |   5 |  15
   18 |   6 |  15
   18 |   7 |  13
   18 |   8 |   8
   18 |   9 |  13
   18 |  10 |  17
   18 |  11 |  17
   18 |  12 |  26
   18 |  13 |  30
   18 |  14 |  24
   18 |  15 |  15
   18 |  16 |  18
   18 |  17 |  33
   18 |  18 |  33
   18 |  19 |  39
   18 |  20 |  27
   18 |  21 |  25
   18 |  22 |  20
   18 |  23 |  16
   18 |  24 |  17
   18 |  25 |  19
   18 |  26 |  15
   18 |  27 |  19
   18 |  28 |  15
   18 |  29 |  17
   18 |  30 |  17
   18 |  31 |  15
   18 |  32 |  21
   18 |  33 |  25
   18 |  34 |  19
   18 |  35 |  30
   18 |  36 |  33
   18 |  37 |  35
   18 |  38 |  58
   18 |  39 |  54
   18 |  40 |  55
   18 |  41 |  52
   18 |  42 |  82
   18 |  43 | 104
   18 |  44 | 125
   18 |  45 | 153
   18 |  46 | 178
   18 |  47 | 207
   18 |  48 | 302
   18 |  49 | 289
   18 |  50 | 328
   18 |  51 | 295
   18 |  52 | 323
   18 |  53 | 300
   18 |  54 | 249
   18 |  55 | 222
   18 |  56 | 204
   18 |  57 | 177
   18 |  58 | 168
   18 |  59 | 164
   19 |   0 | 165
   19 |   1 | 138
   19 |   2 | 113
   19 |   3 | 113
   19 |   4 |  96
   19 |   5 |  75
   19 |   6 |  64
   19 |   7 |  63
   19 |   8 |  54
   19 |   9 |  44
   19 |  10 |  42
   19 |  11 |  37
   19 |  12 |  40
   19 |  13 |  32
   19 |  14 |  47
   19 |  15 |  40
   19 |  16 |  25
   19 |  17 |  46
   19 |  18 |  45
   19 |  19 |  48
   19 |  20 |  30
   19 |  21 |  45
   19 |  22 |  31
   19 |  23 |  32
   19 |  24 |  33
   19 |  25 |  27
   19 |  26 |  32
   19 |  27 |  34
   19 |  28 |  24
   19 |  29 |  28
   19 |  30 |  24
   19 |  31 |  24
   19 |  32 |  32
   19 |  33 |  23
   19 |  34 |  30
   19 |  35 |  14
   19 |  36 |  20
   19 |  37 |  35
   19 |  38 |  37
   19 |  39 |  35
   19 |  40 |  25
   19 |  41 |  35
   19 |  42 |  58
   19 |  43 |  38
   19 |  44 |  41
   19 |  45 |  35
   19 |  46 |  94
   19 |  47 | 174
   19 |  48 | 228
   19 |  49 | 247
   19 |  50 | 249
   19 |  51 | 219
   19 |  52 | 214
   19 |  53 | 180
   19 |  54 | 177
   19 |  55 | 162
   19 |  56 | 137
   19 |  57 | 108
   19 |  58 | 119
   19 |  59 | 108
   20 |   0 |  63
   20 |   1 |  62
   20 |   2 |  45
   20 |   3 |  50
   20 |   4 |  39
   20 |   5 |  41
   20 |   6 |  33
   20 |   7 |  29
   20 |   8 |  40
   20 |   9 |  30
   20 |  10 |  45
   20 |  11 |  28
   20 |  12 |  45
   20 |  13 |  54
   20 |  14 |  63
   20 |  15 |  60
   20 |  16 |  57
   20 |  17 |  66
   20 |  18 |  74
   20 |  19 |  72
   20 |  20 |  47
   20 |  21 |  41
   20 |  22 |  29
   20 |  23 |  25
   20 |  24 |  37
   20 |  25 |  27
   20 |  26 |  33
   20 |  27 |  25
   20 |  28 |  24
   20 |  29 |  28
   20 |  30 |  18
   20 |  31 |  24
   20 |  32 |  26
   20 |  33 |  18
   20 |  34 |  22
   20 |  35 |  24
   20 |  36 |  27
   20 |  37 |  45
   20 |  38 |  71
   20 |  39 |  73
   20 |  40 |  68
   20 |  41 |  89
   20 |  42 | 119
   20 |  43 | 145
   20 |  44 | 151
   20 |  45 | 150
   20 |  46 | 179
   20 |  47 | 219
   20 |  48 | 254
   20 |  49 | 253
   20 |  50 | 275
   20 |  51 | 212
   20 |  52 | 238
   20 |  53 | 220
   20 |  54 | 232
   20 |  55 | 193
   20 |  56 | 165
   20 |  57 | 154
   20 |  58 | 143
   20 |  59 | 155
   21 |   0 | 125
   21 |   1 | 111
   21 |   2 |  87
   21 |   3 |  76
   21 |   4 |  89
   21 |   5 |  85
   21 |   6 |  93
   21 |   7 |  73
   21 |   8 |  60
   21 |   9 |  59
   21 |  10 |  44
   21 |  11 |  58
   21 |  12 |  62
   21 |  13 |  46
   21 |  14 |  29
   21 |  15 |  38
   21 |  16 |  39
   21 |  17 |  42
   21 |  18 |  48
   21 |  19 |  51
   21 |  20 |  64
   21 |  21 |  75
   21 |  22 |  69
   21 |  23 |  75
   21 |  24 |  82
   21 |  25 |  79
   21 |  26 |  68
   21 |  27 |  67
   21 |  28 |  69
   21 |  29 |  45
   21 |  30 |  46
   21 |  31 |  41
   21 |  32 |  52
   21 |  33 |  63
   21 |  34 |  65
   21 |  35 |  38
   21 |  36 |  41
   21 |  37 |  42
   21 |  38 |  30
   21 |  39 |  38
   21 |  40 |  23
   21 |  41 |  41
   21 |  42 |  38
   21 |  43 |  36
   21 |  44 |  35
   21 |  45 |  40
   21 |  46 | 100
   21 |  47 | 170
   21 |  48 | 186
   21 |  49 | 239
   21 |  50 | 226
   21 |  51 | 223
   21 |  52 | 215
   21 |  53 | 156
   21 |  54 | 131
   21 |  55 | 127
   21 |  56 |  95
   21 |  57 |  87
   21 |  58 |  93
   21 |  59 |  80
   22 |   0 |  86
   22 |   1 |  76
   22 |   2 |  65
   22 |   3 |  65
   22 |   4 |  40
   22 |   5 |  49
   22 |   6 |  39
   22 |   7 |  30
   22 |   8 |  40
   22 |   9 |  30
   22 |  10 |  23
   22 |  11 |  21
   22 |  12 |  18
   22 |  13 |  15
   22 |  14 |  33
   22 |  15 |  24
   22 |  16 |  26
   22 |  17 |  33
   22 |  18 |  29
   22 |  19 |  16
   22 |  20 |   9
   22 |  21 |  25
   22 |  22 |  18
   22 |  23 |  11
   22 |  24 |  16
   22 |  25 |  12
   22 |  26 |  13
   22 |  27 |  11
   22 |  28 |   9
   22 |  29 |  10
   22 |  30 |  15
   22 |  31 |  14
   22 |  32 |  38
   22 |  33 |  44
   22 |  34 |  26
   22 |  35 |  24
   22 |  36 |  22
   22 |  37 |  23
   22 |  38 |  17
   22 |  39 |  13
   22 |  40 |  12
   22 |  41 |  23
   22 |  42 |  57
   22 |  43 |  62
   22 |  44 |  73
   22 |  45 |  83
   22 |  46 |  83
   22 |  47 |  95
   22 |  48 |  87
   22 |  49 |  74
   22 |  50 |  58
   22 |  51 |  68
   22 |  52 | 131
   22 |  53 | 142
   22 |  54 | 193
   22 |  55 | 215
   22 |  56 | 206
   22 |  57 | 178
   22 |  58 | 181
   22 |  59 | 167
   23 |   0 | 152
   23 |   1 | 131
   23 |   2 | 120
   23 |   3 |  95
   23 |   4 |  81
   23 |   5 |  80
   23 |   6 |  69
   23 |   7 |  66
   23 |   8 |  58
   23 |   9 |  60
   23 |  10 |  37
   23 |  11 |  44
   23 |  12 |  30
   23 |  13 |  23
   23 |  14 |  26
   23 |  15 |  24
   23 |  16 |  24
   23 |  17 |  43
   23 |  18 |  35
   23 |  19 |  27
   23 |  20 |  20
   23 |  21 |  23
   23 |  22 |  18
   23 |  23 |  20
   23 |  24 |  19
   23 |  25 |   8
   23 |  26 |  17
   23 |  27 |  16
   23 |  28 |  20
   23 |  29 |  13
   23 |  30 |   5
   23 |  31 |  16
   23 |  32 |  35
   23 |  33 |  34
   23 |  34 |  22
   23 |  35 |  18
   23 |  36 |  13
   23 |  37 |   6
   23 |  38 |  10
   23 |  39 |  11
   23 |  40 |  12
   23 |  41 |  21
   23 |  42 |  19
   23 |  43 |  33
   23 |  44 |  20
   23 |  45 |  15
   23 |  46 |  21
   23 |  47 |  15
   23 |  48 |  14
   23 |  49 |  12
   23 |  50 |  11
   23 |  51 |   8
   23 |  52 |   6
   23 |  53 |   8
   23 |  54 |  10
   23 |  55 |   5
   23 |  56 |   7
   23 |  57 |   7
   23 |  58 |   8
   23 |  59 |   9
(360 registros)

               mensagem               
--------------------------------------
 serviços por dow e hour no aeroporto
(1 registro)

 day_of_week | hour | count 
-------------+------+-------
           1 |    5 |  1003
           4 |    5 |   887
           5 |    5 |   880
           3 |    5 |   863
           2 |    5 |   852
           6 |    5 |   818
           0 |    5 |   758
           0 |    4 |   737
           5 |    4 |   735
           6 |    4 |   715
           1 |    4 |   668
           4 |    4 |   662
           5 |    6 |   655
           5 |    7 |   622
           6 |    6 |   612
           2 |    4 |   597
           3 |    7 |   583
           6 |    7 |   583
           3 |    4 |   580
           2 |    7 |   547
           5 |   10 |   542
           0 |   13 |   537
           1 |    7 |   535
           1 |    6 |   533
           0 |   17 |   530
           0 |   18 |   528
           0 |    6 |   513
           1 |   10 |   508
           0 |    7 |   507
           2 |    8 |   499
           4 |    7 |   497
           6 |   10 |   496
           3 |    6 |   483
           0 |   10 |   482
           3 |    8 |   478
           4 |    6 |   475
           4 |   10 |   473
           1 |   11 |   469
           3 |   10 |   457
           0 |   12 |   446
           0 |    8 |   442
           4 |    8 |   436
           5 |    8 |   434
           0 |   14 |   429
           5 |   11 |   428
           0 |   15 |   427
           0 |   16 |   424
           1 |    8 |   417
           2 |    6 |   415
           0 |   11 |   413
           4 |   11 |   403
           2 |   11 |   402
           1 |    9 |   395
           5 |    9 |   395
           6 |    8 |   394
           4 |    9 |   393
           3 |   17 |   386
           3 |    9 |   385
           2 |   10 |   375
           6 |    9 |   373
           1 |   16 |   367
           0 |    9 |   359
           1 |   15 |   357
           1 |   12 |   355
           6 |   14 |   355
           6 |   15 |   351
           3 |   11 |   349
           5 |   13 |   347
           5 |   15 |   346
           2 |    9 |   343
           6 |   11 |   339
           3 |   15 |   337
           5 |   14 |   330
           1 |   17 |   322
           5 |   17 |   319
           3 |   14 |   318
           4 |   15 |   313
           1 |   13 |   312
           3 |   13 |   310
           4 |   13 |   309
           3 |   16 |   309
           2 |   12 |   305
           4 |   14 |   300
           5 |   12 |   296
           4 |   12 |   291
           2 |   15 |   290
           0 |   19 |   289
           4 |   17 |   289
           3 |   12 |   283
           5 |   16 |   268
           4 |   16 |   262
           6 |   13 |   260
           1 |   14 |   256
           2 |   14 |   253
           5 |   18 |   245
           6 |   16 |   242
           3 |   18 |   234
           6 |   12 |   232
           2 |   16 |   229
           6 |   17 |   229
           2 |   13 |   227
           2 |   17 |   226
           1 |   18 |   217
           4 |   18 |   212
           1 |   19 |   193
           5 |   19 |   192
           5 |   20 |   169
           4 |   19 |   168
           2 |   18 |   153
           4 |   20 |   142
           2 |   19 |   130
           0 |   20 |   130
           3 |   19 |   126
           3 |   20 |   126
           6 |   19 |   121
           6 |   18 |   121
           0 |    3 |   116
           5 |    3 |   115
           6 |    3 |   105
           1 |   20 |    91
           4 |    3 |    88
           1 |    3 |    80
           2 |   20 |    79
           6 |   20 |    71
           3 |    3 |    69
           2 |    3 |    62
           1 |    1 |    46
           5 |   21 |    37
           4 |    1 |    37
           0 |    1 |    37
           6 |    1 |    33
           3 |    1 |    33
           5 |    1 |    32
           3 |   21 |    32
           0 |   21 |    31
           2 |    1 |    30
           0 |    2 |    26
           0 |   22 |    20
           1 |   21 |    20
           5 |   23 |    19
           3 |   23 |    18
           6 |   21 |    18
           4 |   21 |    17
           4 |    2 |    17
           6 |   23 |    15
           6 |    2 |    15
           5 |   22 |    15
           3 |    2 |    14
           5 |    2 |    14
           4 |   22 |    13
           0 |   23 |    12
           1 |    0 |    12
           2 |   21 |    12
           3 |   22 |    12
           2 |    2 |    12
           2 |   22 |    10
           6 |    0 |     9
           1 |    2 |     9
           1 |   22 |     8
           2 |    0 |     8
           0 |    0 |     7
           4 |    0 |     7
           6 |   22 |     6
           4 |   23 |     6
           5 |    0 |     6
           3 |    0 |     4
           1 |   23 |     4
           2 |   23 |     4
(168 registros)

                   mensagem                    
-----------------------------------------------
 serviços por dow e hour a chegar ao aeroporto
(1 registro)

 day_of_week | hour | count 
-------------+------+-------
           0 |    0 |     7
           0 |    1 |    37
           0 |    2 |    26
           0 |    3 |   116
           0 |    4 |   737
           0 |    5 |   758
           0 |    6 |   513
           0 |    7 |   507
           0 |    8 |   442
           0 |    9 |   359
           0 |   10 |   482
           0 |   11 |   413
           0 |   12 |   446
           0 |   13 |   537
           0 |   14 |   429
           0 |   15 |   427
           0 |   16 |   424
           0 |   17 |   530
           0 |   18 |   528
           0 |   19 |   289
           0 |   20 |   130
           0 |   21 |    31
           0 |   22 |    20
           0 |   23 |    12
           1 |    0 |    12
           1 |    1 |    46
           1 |    2 |     9
           1 |    3 |    80
           1 |    4 |   668
           1 |    5 |  1003
           1 |    6 |   533
           1 |    7 |   535
           1 |    8 |   417
           1 |    9 |   395
           1 |   10 |   508
           1 |   11 |   469
           1 |   12 |   355
           1 |   13 |   312
           1 |   14 |   256
           1 |   15 |   357
           1 |   16 |   367
           1 |   17 |   322
           1 |   18 |   217
           1 |   19 |   193
           1 |   20 |    91
           1 |   21 |    20
           1 |   22 |     8
           1 |   23 |     4
           2 |    0 |     8
           2 |    1 |    30
           2 |    2 |    12
           2 |    3 |    62
           2 |    4 |   597
           2 |    5 |   852
           2 |    6 |   415
           2 |    7 |   547
           2 |    8 |   499
           2 |    9 |   343
           2 |   10 |   375
           2 |   11 |   402
           2 |   12 |   305
           2 |   13 |   227
           2 |   14 |   253
           2 |   15 |   290
           2 |   16 |   229
           2 |   17 |   226
           2 |   18 |   153
           2 |   19 |   130
           2 |   20 |    79
           2 |   21 |    12
           2 |   22 |    10
           2 |   23 |     4
           3 |    0 |     4
           3 |    1 |    33
           3 |    2 |    14
           3 |    3 |    69
           3 |    4 |   580
           3 |    5 |   863
           3 |    6 |   483
           3 |    7 |   583
           3 |    8 |   478
           3 |    9 |   385
           3 |   10 |   457
           3 |   11 |   349
           3 |   12 |   283
           3 |   13 |   310
           3 |   14 |   318
           3 |   15 |   337
           3 |   16 |   309
           3 |   17 |   386
           3 |   18 |   234
           3 |   19 |   126
           3 |   20 |   126
           3 |   21 |    32
           3 |   22 |    12
           3 |   23 |    18
           4 |    0 |     7
           4 |    1 |    37
           4 |    2 |    17
           4 |    3 |    88
           4 |    4 |   662
           4 |    5 |   887
           4 |    6 |   475
           4 |    7 |   497
           4 |    8 |   436
           4 |    9 |   393
           4 |   10 |   473
           4 |   11 |   403
           4 |   12 |   291
           4 |   13 |   309
           4 |   14 |   300
           4 |   15 |   313
           4 |   16 |   262
           4 |   17 |   289
           4 |   18 |   212
           4 |   19 |   168
           4 |   20 |   142
           4 |   21 |    17
           4 |   22 |    13
           4 |   23 |     6
           5 |    0 |     6
           5 |    1 |    32
           5 |    2 |    14
           5 |    3 |   115
           5 |    4 |   735
           5 |    5 |   880
           5 |    6 |   655
           5 |    7 |   622
           5 |    8 |   434
           5 |    9 |   395
           5 |   10 |   542
           5 |   11 |   428
           5 |   12 |   296
           5 |   13 |   347
           5 |   14 |   330
           5 |   15 |   346
           5 |   16 |   268
           5 |   17 |   319
           5 |   18 |   245
           5 |   19 |   192
           5 |   20 |   169
           5 |   21 |    37
           5 |   22 |    15
           5 |   23 |    19
           6 |    0 |     9
           6 |    1 |    33
           6 |    2 |    15
           6 |    3 |   105
           6 |    4 |   715
           6 |    5 |   818
           6 |    6 |   612
           6 |    7 |   583
           6 |    8 |   394
           6 |    9 |   373
           6 |   10 |   496
           6 |   11 |   339
           6 |   12 |   232
           6 |   13 |   260
           6 |   14 |   355
           6 |   15 |   351
           6 |   16 |   242
           6 |   17 |   229
           6 |   18 |   121
           6 |   19 |   121
           6 |   20 |    71
           6 |   21 |    18
           6 |   22 |     6
           6 |   23 |    15
(168 registros)

                   mensagem                    
-----------------------------------------------
 praça com mais viagens para o aeroporto total
(1 registro)

     name      |              name               | count 
---------------+---------------------------------+-------
 Campanhã      | Aeroporto Francisco Sá Carneiro |  2428
 Batalha       | Aeroporto Francisco Sá Carneiro |  2123
 São Bento     | Aeroporto Francisco Sá Carneiro |  1471
 Ribeira       | Aeroporto Francisco Sá Carneiro |  1392
 H. São João   | Aeroporto Francisco Sá Carneiro |  1096
 Bom Sucesso   | Aeroporto Francisco Sá Carneiro |  1030
 Lordelo       | Aeroporto Francisco Sá Carneiro |  1000
 Câmara        | Aeroporto Francisco Sá Carneiro |   638
 Porto Palácio | Aeroporto Francisco Sá Carneiro |   638
 Clérigos      | Aeroporto Francisco Sá Carneiro |   594
(10 registros)

                    mensagem                     
-------------------------------------------------
 praça com mais viagens para o aeroporto diurnas
(1 registro)

     name      |              name               | count 
---------------+---------------------------------+-------
 Campanhã      | Aeroporto Francisco Sá Carneiro |  1925
 Batalha       | Aeroporto Francisco Sá Carneiro |  1459
 São Bento     | Aeroporto Francisco Sá Carneiro |  1080
 Ribeira       | Aeroporto Francisco Sá Carneiro |  1039
 H. São João   | Aeroporto Francisco Sá Carneiro |   877
 Lordelo       | Aeroporto Francisco Sá Carneiro |   717
 Bom Sucesso   | Aeroporto Francisco Sá Carneiro |   581
 Porto Palácio | Aeroporto Francisco Sá Carneiro |   486
 Trindade      | Aeroporto Francisco Sá Carneiro |   431
 Câmara        | Aeroporto Francisco Sá Carneiro |   397
 Clérigos      | Aeroporto Francisco Sá Carneiro |   340
 Bolhão        | Aeroporto Francisco Sá Carneiro |   287
(12 registros)

                     mensagem                     
--------------------------------------------------
 praça com mais viagens para o aeroporto noturnas
(1 registro)

     name      |              name               | count 
---------------+---------------------------------+-------
 Batalha       | Aeroporto Francisco Sá Carneiro |   664
 Campanhã      | Aeroporto Francisco Sá Carneiro |   503
 Bom Sucesso   | Aeroporto Francisco Sá Carneiro |   449
 São Bento     | Aeroporto Francisco Sá Carneiro |   391
 Ribeira       | Aeroporto Francisco Sá Carneiro |   353
 Lordelo       | Aeroporto Francisco Sá Carneiro |   283
 Clérigos      | Aeroporto Francisco Sá Carneiro |   254
 Câmara        | Aeroporto Francisco Sá Carneiro |   241
 H. São João   | Aeroporto Francisco Sá Carneiro |   219
 Porto Palácio | Aeroporto Francisco Sá Carneiro |   152
 Trindade      | Aeroporto Francisco Sá Carneiro |   134
 Bolhão        | Aeroporto Francisco Sá Carneiro |   115
(12 registros)

    sublabel    
----------------
 outros pontos:
(1 registro)

              mensagem               
-------------------------------------
 serviços por dow and hour no eskada
(1 registro)

 day_of_week | hour | count 
-------------+------+-------
           0 |    0 |     7
           0 |    1 |    24
           0 |    2 |    62
           0 |    3 |   160
           0 |    4 |   272
           0 |    5 |   565
           0 |    6 |   514
           0 |    7 |    67
           0 |    8 |    17
           0 |    9 |     6
           0 |   10 |    21
           0 |   11 |     7
           0 |   12 |     8
           0 |   14 |     1
           0 |   15 |     3
           0 |   16 |     2
           0 |   17 |     4
           0 |   18 |     4
           0 |   19 |     6
           0 |   20 |     1
           0 |   21 |     6
           0 |   22 |     9
           0 |   23 |     5
           1 |    0 |     1
           1 |    1 |     3
           1 |    2 |     3
           1 |    3 |     2
           1 |    4 |    12
           1 |    5 |     6
           1 |    6 |     3
           1 |    7 |     5
           1 |    8 |     7
           1 |    9 |     9
           1 |   10 |     3
           1 |   11 |     5
           1 |   12 |     7
           1 |   13 |     1
           1 |   14 |     4
           1 |   15 |     3
           1 |   16 |     2
           1 |   19 |     2
           1 |   20 |     2
           1 |   21 |     5
           1 |   22 |     4
           1 |   23 |     7
           2 |    0 |     1
           2 |    1 |     2
           2 |    2 |     4
           2 |    3 |     7
           2 |    4 |    22
           2 |    5 |    23
           2 |    6 |    19
           2 |    7 |     8
           2 |    8 |     5
           2 |    9 |     8
           2 |   10 |     7
           2 |   11 |     5
           2 |   12 |     4
           2 |   13 |     4
           2 |   14 |     4
           2 |   15 |     4
           2 |   16 |     5
           2 |   17 |     2
           2 |   18 |     3
           2 |   19 |     1
           2 |   20 |     3
           2 |   21 |     3
           2 |   22 |     7
           2 |   23 |     5
           3 |    1 |     2
           3 |    2 |     5
           3 |    3 |    10
           3 |    4 |    16
           3 |    5 |    21
           3 |    6 |    27
           3 |    7 |     7
           3 |    8 |     5
           3 |    9 |     6
           3 |   10 |     3
           3 |   11 |     4
           3 |   12 |     2
           3 |   13 |     6
           3 |   14 |     2
           3 |   15 |     3
           3 |   16 |     4
           3 |   17 |     1
           3 |   18 |     1
           3 |   20 |     4
           3 |   21 |     2
           3 |   22 |     4
           3 |   23 |     3
           4 |    0 |    10
           4 |    1 |    30
           4 |    2 |    41
           4 |    3 |   153
           4 |    4 |   315
           4 |    5 |   495
           4 |    6 |   629
           4 |    7 |    85
           4 |    8 |    13
           4 |    9 |     9
           4 |   10 |     4
           4 |   11 |     7
           4 |   12 |     7
           4 |   15 |     4
           4 |   16 |     1
           4 |   18 |     1
           4 |   19 |     2
           4 |   20 |     1
           4 |   21 |     4
           4 |   22 |     6
           4 |   23 |     6
           5 |    0 |    12
           5 |    1 |    35
           5 |    2 |    64
           5 |    3 |   187
           5 |    4 |   405
           5 |    5 |   738
           5 |    6 |   647
           5 |    7 |    71
           5 |    8 |    11
           5 |    9 |     7
           5 |   10 |    10
           5 |   11 |     9
           5 |   12 |     5
           5 |   13 |     2
           5 |   14 |     6
           5 |   15 |     1
           5 |   16 |     4
           5 |   17 |     3
           5 |   18 |     4
           5 |   19 |     2
           5 |   20 |     5
           5 |   21 |     7
           5 |   22 |     7
           5 |   23 |    11
           6 |    0 |    10
           6 |    1 |    50
           6 |    2 |   115
           6 |    3 |   226
           6 |    4 |   484
           6 |    5 |   822
           6 |    6 |   762
           6 |    7 |    80
           6 |    8 |    16
           6 |    9 |    10
           6 |   10 |     3
           6 |   11 |    10
           6 |   12 |     4
           6 |   13 |     8
           6 |   14 |    15
           6 |   15 |     3
           6 |   16 |     3
           6 |   17 |     3
           6 |   18 |     3
           6 |   19 |     5
           6 |   20 |     8
           6 |   21 |     9
           6 |   22 |     5
           6 |   23 |     9
(160 registros)

   label    
------------
 FIM PONTOS
(1 registro)

  label  
---------
 EVENTOS
(1 registro)

                             mensagem                              
-------------------------------------------------------------------
 doy, queima e nos primavera sound -> a sair praça/poi:Queimodromo
(1 registro)

 day_of_year | count 
-------------+-------
         127 |   180
         126 |   167
         130 |   158
         157 |   142
         158 |   141
         124 |   131
         128 |   111
         156 |   106
         129 |   102
         125 |    90
         123 |    88
(11 registros)

                              mensagem                               
---------------------------------------------------------------------
 doy, queima e nos primavera sound -> a chegar praça/poi:Queimodromo
(1 registro)

 day_of_year | count 
-------------+-------
         126 |   264
         123 |   228
         129 |   166
         128 |   159
         130 |   146
         125 |   144
         127 |   144
         124 |   125
         157 |   106
         156 |    78
         155 |    57
(11 registros)

                  mensagem                  
--------------------------------------------
 nos primavera sound verificado em campanha
(1 registro)

 day_of_year | count 
-------------+-------
         156 |   360
(1 registro)

              mensagem              
------------------------------------
 semana da queima com mais serviços
(1 registro)

 week_of_year | count 
--------------+-------
           19 | 18492
(1 registro)

                        mensagem                         
---------------------------------------------------------
 doy, serralves em festa -> a chegar praça/poi:Serralves
(1 registro)

 day_of_year | count 
-------------+-------
         151 |   111
         150 |    63
         200 |    40
         144 |    34
         121 |    32
         123 |    31
         136 |    28
         158 |    27
         111 |    24
         193 |    24
(10 registros)

                       mensagem                        
-------------------------------------------------------
 doy, serralves em festa -> a sair praça/poi:Serralves
(1 registro)

 day_of_year | count 
-------------+-------
         151 |   216
         150 |    19
         109 |    11
         123 |    11
         116 |    10
         171 |     9
         121 |     9
          50 |     8
         193 |     8
         142 |     8
(10 registros)

            mensagem            
--------------------------------
 meo mares vivas -> a chegar lá
(1 registro)

 day_of_year | count 
-------------+-------
         199 |    46
         198 |    42
         197 |    29
(3 registros)

             mensagem              
-----------------------------------
 praças que vão para o queimodromo
(1 registro)

             mensagem              
-----------------------------------
 durante a queima ou durante o nos
(1 registro)

      name      | count 
----------------+-------
 Mercado da Foz |    84
 Lordelo        |    67
 Trindade       |    66
 H. São João    |    66
 Rotunda Este   |    41
 Nove de Abril  |    39
 Galiza         |    38
 Leões          |    33
 Bom Sucesso    |    29
 Porto Palácio  |    26
(10 registros)

    label    
-------------
 FIM EVENTOS
(1 registro)

  label  
---------
 VIAGENS
(1 registro)

      mensagem       
---------------------
 viagens mais longas
(1 registro)

  kms   |  tempo   |   v   | concelho |                                        freguesia                                        | distrito | concelho |                              freguesia                               
--------+----------+-------+----------+-----------------------------------------------------------------------------------------+----------+----------+----------------------------------------------------------------------
 359.81 | 05:10:25 | 69.55 | VALONGO  | Ermesinde                                                                               | SETÚBAL  | SINES    | Sines
 290.31 | 04:55:05 | 59.03 | MAIA     | Moreira                                                                                 | LISBOA   | CASCAIS  | União das freguesias de Cascais e Estoril
 277.88 | 06:04:39 | 45.72 | PORTO    | União das freguesias de Cedofeita, Santo Ildefonso, Sé, Miragaia, São Nicolau e Vitória | LISBOA   | LISBOA   | Alcântara
 277.36 | 02:47:03 | 99.62 | PORTO    | Campanhã                                                                                | LISBOA   | OEIRAS   | União das freguesias de Algés, Linda-a-Velha e Cruz Quebrada-Dafundo
 274.94 | 07:30:33 | 36.61 | PORTO    | União das freguesias de Cedofeita, Santo Ildefonso, Sé, Miragaia, São Nicolau e Vitória | LISBOA   | LISBOA   | Santa Maria Maior
 274.77 | 08:37:39 | 31.85 | PORTO    | União das freguesias de Cedofeita, Santo Ildefonso, Sé, Miragaia, São Nicolau e Vitória | LISBOA   | LISBOA   | Misericórdia
 274.21 | 08:00:04 | 34.27 | PORTO    | União das freguesias de Cedofeita, Santo Ildefonso, Sé, Miragaia, São Nicolau e Vitória | LISBOA   | LISBOA   | Santo António
 274.10 | 03:20:59 | 81.83 | PORTO    | União das freguesias de Cedofeita, Santo Ildefonso, Sé, Miragaia, São Nicolau e Vitória | LISBOA   | LISBOA   | Arroios
 273.77 | 07:00:04 | 39.10 | PORTO    | União das freguesias de Cedofeita, Santo Ildefonso, Sé, Miragaia, São Nicolau e Vitória | LISBOA   | LISBOA   | Santo António
 273.67 | 03:17:03 | 83.33 | PORTO    | Campanhã                                                                                | LISBOA   | LISBOA   | Santo António
(10 registros)

                    mensagem                    
------------------------------------------------
 viagens mais longas a partir de cada praça/poi
(1 registro)

  kms   |  tempo   |   v    |             origem              | d_dist |  d_con   |                                d_freg                                
--------+----------+--------+---------------------------------+--------+----------+----------------------------------------------------------------------
 290.31 | 04:55:05 |  59.03 | Aeroporto Francisco Sá Carneiro | LISBOA | CASCAIS  | União das freguesias de Cascais e Estoril
 277.36 | 02:47:03 |  99.62 | Campanhã                        | LISBOA | OEIRAS   | União das freguesias de Algés, Linda-a-Velha e Cruz Quebrada-Dafundo
 273.77 | 07:00:04 |  39.10 | Maternidade                     | LISBOA | LISBOA   | Santo António
 273.44 | 02:47:20 |  98.05 | Batalha                         | LISBOA | LISBOA   | Santo António
 272.40 | 03:56:05 |  69.23 | Marquês                         | LISBOA | LISBOA   | Avenidas Novas
 269.11 | 02:50:56 |  94.46 | Av. Boavista                    | LISBOA | LISBOA   | Olivais
 269.04 | 03:15:03 |  82.76 | Câmara                          | LISBOA | LISBOA   | Olivais
 268.13 | 02:37:32 | 102.12 | Ribeira                         | LISBOA | LISBOA   | Olivais
 268.05 | 02:22:37 | 112.77 | São Bento                       | LISBOA | LISBOA   | Olivais
 267.21 | 02:34:51 | 103.54 | Lordelo                         | LISBOA | ODIVELAS | Odivelas
(10 registros)

              mensagem               
-------------------------------------
 viagens mais rápidas em velocidades
(1 registro)

  kms   |  tempo   |   v    |     concelho      |                                        freguesia                                        |     distrito     |     concelho      |                           freguesia                           
--------+----------+--------+-------------------+-----------------------------------------------------------------------------------------+------------------+-------------------+---------------------------------------------------------------
  31.14 | 00:14:14 | 131.29 | VILA NOVA DE GAIA | União das freguesias de Grijó e Sermonde                                                | AVEIRO           | ESTARREJA         | Salreu
   7.56 | 00:03:39 | 124.32 | GONDOMAR          | Rio Tinto                                                                               | PORTO            | PORTO             | União das freguesias de Lordelo do Ouro e Massarelos
 268.60 | 02:10:31 | 123.48 | PORTO             | Campanhã                                                                                | LISBOA           | LISBOA            | Olivais
  15.14 | 00:07:24 | 122.79 | MATOSINHOS        | União das freguesias de Matosinhos e Leça da Palmeira                                   | PORTO            | VILA DO CONDE     | Árvore
  10.56 | 00:05:14 | 121.06 | TROFA             | União das freguesias de Coronado (São Romão e São Mamede)                               | PORTO            | PORTO             | Paranhos
   6.20 | 00:03:11 | 116.78 | PORTO             | Paranhos                                                                                | PORTO            | MAIA              | Águas Santas
   9.07 | 00:04:44 | 114.99 | VILA NOVA DE GAIA | União das freguesias de Serzedo e Perosinho                                             | PORTO            | VILA NOVA DE GAIA | Oliveira do Douro
 268.05 | 02:22:37 | 112.77 | PORTO             | União das freguesias de Cedofeita, Santo Ildefonso, Sé, Miragaia, São Nicolau e Vitória | LISBOA           | LISBOA            | Olivais
  15.81 | 00:08:25 | 112.72 | PÓVOA DE VARZIM   | União das freguesias da Póvoa de Varzim, Beiriz e Argivai                               | PORTO            | MATOSINHOS        | União das freguesias de Perafita, Lavra e Santa Cruz do Bispo
   4.41 | 00:02:22 | 111.71 | PORTO             | Campanhã                                                                                | PORTO            | PORTO             | Ramalde
 266.31 | 02:23:27 | 111.39 | PORTO             | União das freguesias de Cedofeita, Santo Ildefonso, Sé, Miragaia, São Nicolau e Vitória | LISBOA           | LISBOA            | Olivais
   2.94 | 00:01:35 | 111.31 | MATOSINHOS        | União das freguesias de São Mamede de Infesta e Senhora da Hora                         | PORTO            | MATOSINHOS        | União das freguesias de Custóias, Leça do Balio e Guifões
  86.70 | 00:46:45 | 111.27 | PORTO             | Campanhã                                                                                | AVEIRO           | MEALHADA          | Casal Comba
  82.41 | 00:44:33 | 110.98 | MAIA              | Moreira                                                                                 | VIANA DO CASTELO | VALENÇA           | São Pedro da Torre
   3.76 | 00:02:03 | 109.91 | MAIA              | Águas Santas                                                                            | PORTO            | VALONGO           | Ermesinde
   4.27 | 00:02:20 | 109.70 | VALONGO           | Valongo                                                                                 | PORTO            | PAREDES           | Gandra
   5.67 | 00:03:08 | 108.63 | PORTO             | Campanhã                                                                                | PORTO            | PORTO             | Ramalde
   2.92 | 00:01:37 | 108.33 | PORTO             | Ramalde                                                                                 | PORTO            | MATOSINHOS        | União das freguesias de Matosinhos e Leça da Palmeira
   7.61 | 00:04:14 | 107.79 | MAIA              | Pedrouços                                                                               | PORTO            | MAIA              | São Pedro Fins
   3.59 | 00:02:00 | 107.62 | PORTO             | União das freguesias de Lordelo do Ouro e Massarelos                                    | PORTO            | PORTO             | Paranhos
(20 registros)

        mensagem        
------------------------
 viagens mais demoradas
(1 registro)

  kms   |  tempo   |   v   | concelho |                                        freguesia                                        |     distrito     |     concelho      |                          freguesia                          
--------+----------+-------+----------+-----------------------------------------------------------------------------------------+------------------+-------------------+-------------------------------------------------------------
 129.54 | 12:45:03 | 10.16 | PORTO    | União das freguesias de Cedofeita, Santo Ildefonso, Sé, Miragaia, São Nicolau e Vitória | ESPANHA          | ESPANHA           | Espanha
 123.47 | 10:43:28 | 11.51 | PORTO    | União das freguesias de Cedofeita, Santo Ildefonso, Sé, Miragaia, São Nicolau e Vitória | GUARDA           | CELORICO DA BEIRA | Ratoeira
 101.63 | 09:44:04 | 10.44 | PORTO    | Campanhã                                                                                | COIMBRA          | TÁBUA             | Tábua
 274.77 | 08:37:39 | 31.85 | PORTO    | União das freguesias de Cedofeita, Santo Ildefonso, Sé, Miragaia, São Nicolau e Vitória | LISBOA           | LISBOA            | Misericórdia
 126.25 | 08:31:52 | 14.80 | PORTO    | Ramalde                                                                                 | GUARDA           | CELORICO DA BEIRA | União das freguesias de Açores e Velosa
  97.30 | 08:05:18 | 12.03 | MAIA     | Moreira                                                                                 | ESPANHA          | ESPANHA           | Espanha
  86.17 | 08:00:33 | 10.76 | MAIA     | Moreira                                                                                 | ESPANHA          | ESPANHA           | Espanha
 274.21 | 08:00:04 | 34.27 | PORTO    | União das freguesias de Cedofeita, Santo Ildefonso, Sé, Miragaia, São Nicolau e Vitória | LISBOA           | LISBOA            | Santo António
 274.94 | 07:30:33 | 36.61 | PORTO    | União das freguesias de Cedofeita, Santo Ildefonso, Sé, Miragaia, São Nicolau e Vitória | LISBOA           | LISBOA            | Santa Maria Maior
 102.00 | 07:25:34 | 13.74 | PORTO    | Campanhã                                                                                | ESPANHA          | ESPANHA           | Espanha
 116.83 | 07:16:28 | 16.06 | PORTO    | Ramalde                                                                                 | VILA REAL        | CHAVES            | Vale de Anta
 169.17 | 07:02:29 | 24.02 | PORTO    | União das freguesias de Cedofeita, Santo Ildefonso, Sé, Miragaia, São Nicolau e Vitória | SANTARÉM         | OURÉM             | Fátima
 273.77 | 07:00:04 | 39.10 | PORTO    | União das freguesias de Cedofeita, Santo Ildefonso, Sé, Miragaia, São Nicolau e Vitória | LISBOA           | LISBOA            | Santo António
 107.99 | 06:55:16 | 15.60 | MAIA     | Moreira                                                                                 | VIANA DO CASTELO | MELGAÇO           | Cristoval
  87.39 | 06:54:26 | 12.65 | PORTO    | Campanhã                                                                                | VILA REAL        | ALIJÓ             | Pinhão
 270.55 | 06:40:14 | 40.56 | PORTO    | União das freguesias de Cedofeita, Santo Ildefonso, Sé, Miragaia, São Nicolau e Vitória | LISBOA           | LISBOA            | Alvalade
  98.31 | 06:35:45 | 14.91 | PORTO    | União das freguesias de Cedofeita, Santo Ildefonso, Sé, Miragaia, São Nicolau e Vitória | COIMBRA          | FIGUEIRA DA FOZ   | Bom Sucesso
  87.23 | 06:08:22 | 14.21 | PORTO    | União das freguesias de Lordelo do Ouro e Massarelos                                    | AVEIRO           | MEALHADA          | União das freguesias da Mealhada, Ventosa do Bairro e Antes
 277.88 | 06:04:39 | 45.72 | PORTO    | União das freguesias de Cedofeita, Santo Ildefonso, Sé, Miragaia, São Nicolau e Vitória | LISBOA           | LISBOA            | Alcântara
 270.24 | 06:02:21 | 44.75 | PORTO    | Campanhã                                                                                | LISBOA           | LISBOA            | Olivais
(20 registros)

    label    
-------------
 FIM VIAGENS
(1 registro)

  label   
----------
 TAXISTAS
(1 registro)

          mensagem          
----------------------------
 taxistas com mais serviços
(1 registro)

 id_taxi | count 
---------+-------
      89 |  5030
     249 |  4488
     621 |  4351
     325 |  4310
     403 |  4308
(5 registros)

 mensagem 
----------
 média
(1 registro)

          avg          
-----------------------
 4497.4000000000000000
(1 registro)

                     mensagem                     
--------------------------------------------------
 serviços de taxistas com mais serviços por praça
(1 registro)

 id_taxi |  c   
---------+------
     372 | 4197
     545 | 3511
     542 | 3286
     649 | 3166
     285 | 2423
(5 registros)

 mensagem 
----------
 média
(1 registro)

          avg          
-----------------------
 3316.6000000000000000
(1 registro)

                   mensagem                   
----------------------------------------------
 praças usadas por taxistas com mais serviços
(1 registro)

 id_taxi |      name      | count 
---------+----------------+-------
      89 | Clérigos       |   294
      89 | Lordelo        |   229
      89 | Ribeira        |   182
      89 | Mercado da Foz |   152
     249 | Clérigos       |   659
     249 | Ribeira        |   304
     249 | Carregal       |   294
     325 | Câmara         |   890
     325 | Carregal       |   275
     325 | Mercado da Foz |   178
     403 | Corujeira      |   214
     403 | Clérigos       |   209
     403 | Trindade       |   175
     403 | Ribeira        |   169
     403 | Dragão         |   157
     403 | Carregal       |   153
     403 | H. São João    |   152
     621 | Marquês        |   649
     621 | Sá Carneiro    |   349
     621 | Santa Maria    |   253
     621 | Ribeira        |   210
     621 | Clérigos       |   181
(22 registros)

                   mensagem                    
-----------------------------------------------
 serviços taxistas com mais serviços por praça
(1 registro)

 id_taxi |       name       | count 
---------+------------------+-------
     285 | São Bento        |  1822
     285 | Batalha          |    35
     285 | Alfândega        |    17
     285 | Ribeira          |    16
     372 | Lordelo          |  1764
     372 | Clérigos         |   136
     372 | Marechal         |    67
     372 | Bom Sucesso      |    50
     372 | Porto Palácio    |    32
     372 | Lago             |    24
     372 | Ouro             |    24
     372 | HF Ipanema Porto |    24
     372 | Mercado da Foz   |    17
     372 | Boulevard/Villa  |    17
     372 | Carregal         |    17
     372 | Campanhã         |    16
     542 | Campanhã         |  1811
     542 | Eskada Porto     |   116
     542 | São Bento        |    66
     542 | Boulevard/Villa  |    61
     542 | Clérigos         |    51
     542 | Bolhão           |    29
     542 | D. João I        |    29
     542 | Ribeira          |    25
     542 | Câmara           |    22
     545 | Campanhã         |  1599
     545 | São Bento        |   150
     545 | Boulevard/Villa  |   107
     545 | Batalha          |    86
     545 | Clérigos         |    82
     545 | Eskada Porto     |    65
     545 | Leões            |    52
     545 | D. João I        |    51
     545 | Trindade         |    43
     545 | Câmara           |    27
     545 | Ribeira          |    26
     545 | Casa da Musica   |    16
     649 | Areosa           |  1522
     649 | Boulevard/Villa  |    44
     649 | Conde Ferreira   |    35
     649 | Dragão           |    18
(41 registros)

    sublabel    
----------------
 TOP 3 TAXISTAS
(1 registro)

   mensagem    
---------------
 total viagens
(1 registro)

 taxi | total_viagens |   kms    | max_kms | avg_kms | max_velocity | max_seg  
------+---------------+----------+---------+---------+--------------+----------
   89 |          5030 | 19263.74 |   63.41 |    3.83 |        90.51 | 01:29:52
  249 |          4488 | 18319.84 |   77.66 |    4.08 |        67.23 | 01:28:11
  621 |          4351 | 14890.28 |  100.62 |    3.42 |        69.50 | 02:07:32
(3 registros)

   mensagem    
---------------
 max total kms
(1 registro)

 taxi | total_viagens |   kms    | max_kms | avg_kms | max_velocity | max_seg  
------+---------------+----------+---------+---------+--------------+----------
  904 |          3050 | 25327.16 |  157.71 |    8.30 |        78.81 | 05:27:37
  540 |          3277 | 20246.97 |   90.45 |    6.18 |        91.38 | 03:03:24
  496 |          2782 | 19724.61 |  270.24 |    7.09 |       102.02 | 08:05:18
(3 registros)

      mensagem      
--------------------
 max kms numa unica
(1 registro)

 taxi | total_viagens |   kms    | max_kms | avg_kms | max_velocity | max_seg  
------+---------------+----------+---------+---------+--------------+----------
   10 |          3670 | 16144.41 |  359.81 |    4.40 |        76.40 | 05:10:25
  423 |          3337 | 12666.81 |  290.31 |    3.80 |        66.40 | 04:55:05
  250 |          2271 | 10637.42 |  277.88 |    4.68 |        73.70 | 07:16:28
(3 registros)

   mensagem   
--------------
 melhor media
(1 registro)

 taxi | total_viagens |   kms    | max_kms | avg_kms | max_velocity | max_seg  
------+---------------+----------+---------+---------+--------------+----------
  510 |           334 |  3726.55 |  145.29 |   11.16 |        86.03 | 03:04:28
  312 |           386 |  3958.32 |  169.17 |   10.25 |        63.26 | 07:02:29
  904 |          3050 | 25327.16 |  157.71 |    8.30 |        78.81 | 05:27:37
(3 registros)

      mensagem       
---------------------
 maiores velocidades
(1 registro)

 taxi | total_viagens |   kms    | max_kms | avg_kms | max_velocity | max_seg  
------+---------------+----------+---------+---------+--------------+----------
  435 |          2650 | 14748.44 |  104.21 |    5.57 |       131.29 | 01:32:45
   17 |          1953 |  7397.53 |   38.87 |    3.79 |       124.32 | 00:54:10
  327 |          1951 |  8657.81 |  268.60 |    4.44 |       123.48 | 02:10:31
(3 registros)

   mensagem    
---------------
 maior duracao
(1 registro)

 taxi | total_viagens |   kms    | max_kms | avg_kms | max_velocity | max_seg  
------+---------------+----------+---------+---------+--------------+----------
  326 |          1903 |  7290.75 |  129.54 |    3.83 |        65.57 | 12:45:03
  231 |          1602 |  6028.15 |  123.47 |    3.76 |        72.65 | 10:43:28
  173 |          3490 | 14037.99 |  273.46 |    4.02 |        84.68 | 09:44:04
(3 registros)

                   mensagem                   
----------------------------------------------
 taxistas que fizeram mais serviços por praça
(1 registro)

               name               | id_taxi | count | rank 
----------------------------------+---------+-------+------
 Aeroporto Francisco Sá Carneiro  |     540 |    94 |    1
 Aeroporto Francisco Sá Carneiro  |     496 |    61 |    2
 Aeroporto Francisco Sá Carneiro  |     393 |    47 |    3
 Agra                             |     245 |   212 |    1
 Agra                             |       9 |   200 |    2
 Agra                             |     601 |   192 |    3
 Alameda                          |       4 |   210 |    1
 Alameda                          |     525 |    33 |    2
 Alameda                          |     534 |    14 |    3
 Aldoar                           |     100 |   115 |    1
 Aldoar                           |     484 |    91 |    2
 Aldoar                           |     468 |    88 |    3
 Alfândega                        |      26 |   107 |    1
 Alfândega                        |     215 |    58 |    2
 Alfândega                        |     548 |    53 |    3
 Amial                            |     901 |    48 |    1
 Amial                            |      13 |    25 |    2
 Amial                            |     601 |    20 |    3
 Amial                            |     450 |    20 |    3
 Areosa                           |     649 |  1522 |    1
 Areosa                           |     196 |   856 |    2
 Areosa                           |     197 |   797 |    3
 ArrábidaShopping                 |     591 |     4 |    1
 ArrábidaShopping                 |      81 |     4 |    1
 ArrábidaShopping                 |     372 |     3 |    3
 ArrábidaShopping                 |     326 |     3 |    3
 ArrábidaShopping                 |      40 |     3 |    3
 Av. Boavista                     |     436 |   207 |    1
 Av. Boavista                     |     902 |   149 |    2
 Av. Boavista                     |     502 |   136 |    3
 Azevedo                          |     525 |    54 |    1
 Azevedo                          |     295 |    14 |    2
 Azevedo                          |     408 |    14 |    2
 Batalha                          |     435 |  1303 |    1
 Batalha                          |     434 |  1149 |    2
 Batalha                          |     496 |   738 |    3
 BessaHotel                       |     239 |    45 |    1
 BessaHotel                       |     249 |    40 |    2
 BessaHotel                       |     320 |    38 |    3
 Boite                            |     308 |    67 |    1
 Boite                            |     463 |    38 |    2
 Boite                            |     664 |    31 |    3
 Boite                            |     453 |    31 |    3
 Boite                            |      11 |    31 |    3
 Bolhão                           |     667 |   517 |    1
 Bolhão                           |      40 |   477 |    2
 Bolhão                           |     304 |   302 |    3
 Bom Pastor                       |     186 |   507 |    1
 Bom Pastor                       |      73 |   485 |    2
 Bom Pastor                       |     400 |   454 |    3
 Bom Sucesso                      |     589 |   717 |    1
 Bom Sucesso                      |      39 |   705 |    2
 Bom Sucesso                      |     192 |   552 |    3
 Boulevard/Villa                  |     256 |   185 |    1
 Boulevard/Villa                  |     601 |   157 |    2
 Boulevard/Villa                  |     271 |   123 |    3
 Câmara                           |     387 |   946 |    1
 Câmara                           |     345 |   929 |    2
 Câmara                           |     325 |   890 |    3
 Campanhã                         |     542 |  1811 |    1
 Campanhã                         |     545 |  1599 |    2
 Campanhã                         |     624 |  1470 |    3
 Campismo                         |     267 |   227 |    1
 Campismo                         |      44 |   197 |    2
 Campismo                         |     161 |   195 |    3
 Carcereira                       |     521 |   314 |    1
 Carcereira                       |     392 |    96 |    2
 Carcereira                       |     252 |    95 |    3
 Carregal                         |     138 |   712 |    1
 Carregal                         |      54 |   575 |    2
 Carregal                         |      51 |   368 |    3
 Carvalheiras                     |     195 |   246 |    1
 Carvalheiras                     |     463 |   149 |    2
 Carvalheiras                     |       1 |   106 |    3
 Carvalhido                       |       2 |   722 |    1
 Carvalhido                       |      68 |   550 |    2
 Carvalhido                       |      58 |   457 |    3
 Casa da Musica                   |     114 |   614 |    1
 Casa da Musica                   |     454 |   388 |    2
 Casa da Musica                   |     303 |   350 |    3
 Casa-Museu Guerra Junqueiro      |     900 |    12 |    1
 Casa-Museu Guerra Junqueiro      |     226 |     4 |    2
 Casa-Museu Guerra Junqueiro      |     618 |     2 |    3
 Castelo do Queijo                |     657 |   192 |    1
 Castelo do Queijo                |     454 |   103 |    2
 Castelo do Queijo                |     215 |    80 |    3
 Centro Comercial Parque Nascente |     688 |    15 |    1
 Centro Comercial Parque Nascente |     492 |     3 |    2
 Centro Comercial Parque Nascente |     406 |     2 |    3
 Centro Comercial Parque Nascente |     626 |     2 |    3
 Centro Comercial Parque Nascente |     408 |     2 |    3
 Clérigos                         |     249 |   659 |    1
 Clérigos                         |     423 |   620 |    2
 Clérigos                         |     499 |   546 |    3
 Conde Ferreira                   |     602 |   597 |    1
 Conde Ferreira                   |     353 |   408 |    2
 Conde Ferreira                   |     167 |   330 |    3
 Cordoaria                        |     171 |   600 |    1
 Cordoaria                        |     600 |   109 |    2
 Cordoaria                        |     364 |    85 |    3
 Corujeira                        |     213 |   296 |    1
 Corujeira                        |     403 |   214 |    2
 Corujeira                        |     632 |   199 |    3
 CUF                              |     603 |    24 |    1
 CUF                              |     337 |    15 |    2
 CUF                              |     470 |    14 |    3
 D. João I                        |     515 |   494 |    1
 D. João I                        |     664 |   319 |    2
 D. João I                        |     308 |   284 |    3
 Dragão                           |     146 |   944 |    1
 Dragão                           |     198 |   520 |    2
 Dragão                           |     107 |   254 |    3
 Duas Portas                      |     497 |     6 |    1
 Duas Portas                      |     529 |     6 |    1
 Duas Portas                      |     101 |     4 |    3
 Eskada Porto                     |       7 |   232 |    1
 Eskada Porto                     |     611 |   230 |    2
 Eskada Porto                     |     171 |   215 |    3
 Francos                          |     252 |    51 |    1
 Francos                          |     216 |    47 |    2
 Francos                          |     521 |    44 |    3
 GaiaShopping                     |     561 |     3 |    1
 GaiaShopping                     |     398 |     3 |    1
 GaiaShopping                     |     669 |     1 |    3
 GaiaShopping                     |     446 |     1 |    3
 GaiaShopping                     |     109 |     1 |    3
 GaiaShopping                     |     250 |     1 |    3
 GaiaShopping                     |     364 |     1 |    3
 GaiaShopping                     |     651 |     1 |    3
 GaiaShopping                     |     562 |     1 |    3
 GaiaShopping                     |     207 |     1 |    3
 GaiaShopping                     |     131 |     1 |    3
 GaiaShopping                     |     285 |     1 |    3
 GaiaShopping                     |     314 |     1 |    3
 GaiaShopping                     |      45 |     1 |    3
 GaiaShopping                     |     190 |     1 |    3
 GaiaShopping                     |      24 |     1 |    3
 GaiaShopping                     |     360 |     1 |    3
 GaiaShopping                     |     393 |     1 |    3
 GaiaShopping                     |     185 |     1 |    3
 GaiaShopping                     |     233 |     1 |    3
 GaiaShopping                     |     349 |     1 |    3
 GaiaShopping                     |     634 |     1 |    3
 GaiaShopping                     |     216 |     1 |    3
 GaiaShopping                     |     543 |     1 |    3
 GaiaShopping                     |     330 |     1 |    3
 GaiaShopping                     |     579 |     1 |    3
 Galiza                           |     391 |   390 |    1
 Galiza                           |     454 |   279 |    2
 Galiza                           |     229 |   235 |    3
 HF Ipanema Porto                 |     391 |   144 |    1
 HF Ipanema Porto                 |     454 |    95 |    2
 HF Ipanema Porto                 |     653 |    91 |    3
 H. Magalhães Lemos               |     603 |   151 |    1
 H. Magalhães Lemos               |     470 |    93 |    2
 H. Magalhães Lemos               |      89 |    54 |    3
 Hospital da Lapa                 |     166 |    36 |    1
 Hospital da Lapa                 |     324 |    18 |    2
 Hospital da Lapa                 |     621 |    13 |    3
 Hotel Boa-vista                  |     346 |    48 |    1
 Hotel Boa-vista                  |     525 |    46 |    2
 Hotel Boa-vista                  |     325 |    45 |    3
 Hotel Torel Avantgarde           |     138 |     8 |    1
 Hotel Torel Avantgarde           |     904 |     7 |    2
 Hotel Torel Avantgarde           |     554 |     4 |    3
 Hotel Torel Avantgarde           |      54 |     4 |    3
 Hotel Vila Galé                  |     686 |     6 |    1
 Hotel Vila Galé                  |      89 |     6 |    1
 Hotel Vila Galé                  |     215 |     5 |    3
 Hotel Vila Galé                  |     576 |     5 |    3
 H. São João                      |      30 |  1491 |    1
 H. São João                      |     222 |  1215 |    2
 H. São João                      |     662 |  1128 |    3
 Infante                          |     463 |    27 |    1
 Infante                          |     112 |    23 |    2
 Infante                          |     171 |    17 |    3
 IPO                              |     601 |    67 |    1
 IPO                              |     252 |    42 |    2
 IPO                              |     901 |    40 |    3
 Lago                             |     289 |   622 |    1
 Lago                             |     337 |   294 |    2
 Lago                             |      60 |   197 |    3
 Leões                            |     304 |   426 |    1
 Leões                            |     483 |   310 |    2
 Leões                            |     520 |   297 |    3
 Lordelo                          |     372 |  1764 |    1
 Lordelo                          |     497 |  1258 |    2
 Lordelo                          |     524 |  1100 |    3
 Marechal                         |      55 |   125 |    1
 Marechal                         |     325 |   108 |    2
 Marechal                         |     349 |   104 |    3
 Marquês                          |      23 |   888 |    1
 Marquês                          |     269 |   744 |    2
 Marquês                          |     621 |   649 |    3
 Maternidade                      |     554 |    19 |    1
 Maternidade                      |      38 |    15 |    2
 Maternidade                      |     391 |    12 |    3
 Maternidade                      |     548 |    12 |    3
 Meo Marés Vivas                  |     670 |     6 |    1
 Meo Marés Vivas                  |     108 |     5 |    2
 Meo Marés Vivas                  |     376 |     4 |    3
 Mercado da Foz                   |     346 |   459 |    1
 Mercado da Foz                   |      24 |   361 |    2
 Mercado da Foz                   |     258 |   314 |    3
 Museu da Faculdade de Farmácia   |     904 |    13 |    1
 Museu da Faculdade de Farmácia   |     540 |     7 |    2
 Museu da Faculdade de Farmácia   |      83 |     7 |    2
 Museu de Arte Sacara             |     492 |    11 |    1
 Museu de Arte Sacara             |     307 |     5 |    2
 Museu de Arte Sacara             |     171 |     4 |    3
 Museu do Vinho do Porto          |     235 |     6 |    1
 Museu do Vinho do Porto          |     364 |     5 |    2
 Museu do Vinho do Porto          |     215 |     5 |    2
 Museus das Marionetas do Porto   |      26 |    17 |    1
 Museus das Marionetas do Porto   |     304 |    16 |    2
 Museus das Marionetas do Porto   |     361 |    13 |    3
 Nevogilde                        |     470 |    17 |    1
 Nevogilde                        |     570 |    12 |    2
 Nevogilde                        |      36 |    12 |    2
 NorteShopping                    |     337 |     2 |    1
 NorteShopping                    |     226 |     1 |    2
 NorteShopping                    |     424 |     1 |    2
 NorteShopping                    |     303 |     1 |    2
 NorteShopping                    |     480 |     1 |    2
 NorteShopping                    |      60 |     1 |    2
 NorteShopping                    |     398 |     1 |    2
 NorteShopping                    |     360 |     1 |    2
 NorteShopping                    |     670 |     1 |    2
 NorteShopping                    |     543 |     1 |    2
 NorteShopping                    |      76 |     1 |    2
 Nove de Abril                    |     329 |   736 |    1
 Nove de Abril                    |     116 |   444 |    2
 Nove de Abril                    |      67 |   378 |    3
 Ouro                             |     529 |   103 |    1
 Ouro                             |     207 |    37 |    2
 Ouro                             |     497 |    37 |    2
 Palácio                          |     185 |    46 |    1
 Palácio                          |     325 |    25 |    2
 Palácio                          |     554 |    24 |    3
 Passeio Alegre                   |     525 |    70 |    1
 Passeio Alegre                   |     454 |    67 |    2
 Passeio Alegre                   |     195 |    44 |    3
 Passeio Alegre                   |     424 |    44 |    3
 Pereira de Melo                  |     337 |    23 |    1
 Pereira de Melo                  |      89 |    20 |    2
 Pereira de Melo                  |     517 |    10 |    3
 Pereiró                          |     591 |   192 |    1
 Pereiró                          |     337 |   171 |    2
 Pereiró                          |     105 |   169 |    3
 Pinto de Azevedo                 |     337 |     6 |    1
 Pinto de Azevedo                 |     421 |     2 |    2
 Pinto de Azevedo                 |     603 |     2 |    2
 Pinto de Azevedo                 |     589 |     2 |    2
 Pinto de Azevedo                 |       7 |     2 |    2
 Pinto de Azevedo                 |     605 |     2 |    2
 Pinto de Azevedo                 |     450 |     2 |    2
 Pinto de Azevedo                 |     685 |     2 |    2
 Pinto de Azevedo                 |     426 |     2 |    2
 Pólo Universitário               |     452 |   254 |    1
 Pólo Universitário               |     245 |   174 |    2
 Pólo Universitário               |     156 |   152 |    3
 Porto Palácio                    |     436 |  1069 |    1
 Porto Palácio                    |     902 |   700 |    2
 Porto Palácio                    |      60 |   391 |    3
 Prelada                          |     213 |    55 |    1
 Prelada                          |     342 |    55 |    1
 Prelada                          |     618 |    53 |    3
 Queimodromo                      |     657 |    70 |    1
 Queimodromo                      |     108 |    38 |    2
 Queimodromo                      |     337 |    37 |    3
 Ramada Alta                      |     565 |   322 |    1
 Ramada Alta                      |     495 |   251 |    2
 Ramada Alta                      |     272 |   167 |    3
 Républica                        |     324 |   649 |    1
 Républica                        |      77 |   367 |    2
 Républica                        |     167 |   331 |    3
 Ribeira                          |      26 |   621 |    1
 Ribeira                          |     304 |   573 |    2
 Ribeira                          |     520 |   522 |    3
 Rotunda Este                     |     303 |   746 |    1
 Rotunda Este                     |     504 |   589 |    2
 Rotunda Este                     |      47 |   458 |    3
 Rotunda Oeste                    |      23 |   178 |    1
 Rotunda Oeste                    |     395 |   178 |    1
 Rotunda Oeste                    |     470 |   165 |    3
 Sá Carneiro                      |     247 |   674 |    1
 Sá Carneiro                      |     370 |   617 |    2
 Sá Carneiro                      |     621 |   349 |    3
 Santa Maria                      |     621 |   253 |    1
 Santa Maria                      |     363 |   229 |    2
 Santa Maria                      |     392 |   191 |    3
 São Bento                        |     285 |  1822 |    1
 São Bento                        |     351 |  1223 |    2
 São Bento                        |     364 |  1134 |    3
 São Roque                        |     408 |   492 |    1
 São Roque                        |      17 |   253 |    2
 São Roque                        |     295 |   248 |    3
 Serralves                        |     114 |    12 |    1
 Serralves                        |      24 |    12 |    1
 Serralves                        |     610 |    11 |    3
 Serralves                        |     101 |    11 |    3
 Trindade                         |     195 |   574 |    1
 Trindade                         |     640 |   549 |    2
 Trindade                         |     308 |   483 |    3
 Via Rápida                       |     450 |    88 |    1
 Via Rápida                       |     426 |    69 |    2
 Via Rápida                       |      89 |    56 |    3
 Vincci Porto                     |     904 |    50 |    1
 Vincci Porto                     |     540 |    18 |    2
 Vincci Porto                     |     233 |    17 |    3
 Vinte e Quatro de Agosto         |     540 |    60 |    1
 Vinte e Quatro de Agosto         |      66 |    41 |    2
 Vinte e Quatro de Agosto         |     344 |    37 |    3
 Viso                             |      18 |   122 |    1
 Viso                             |      89 |   120 |    2
 Viso                             |     276 |    38 |    3
(316 registros)

    label     
--------------
 FIM TAXISTAS
(1 registro)

    label     
--------------
 TOP 3 PRAÇAS
(1 registro)

   mensagem   
--------------
 Melhor media
(1 registro)

 mensagem 
----------
 metros
(1 registro)

              name               |          avg          |    max    |  min   
---------------------------------+-----------------------+-----------+--------
 Aeroporto Francisco Sá Carneiro |    12906.622118353345 | 290311.82 | 388.19
 Hotel Boa-vista                 | 6034.3099334945586457 |  45094.52 | 436.49
 Queimodromo                     | 5786.8591796267496112 |  46914.44 | 625.47
(3 registros)

 mensagem 
----------
 segundos
(1 registro)

              name               |          avg          |  max  | min 
---------------------------------+-----------------------+-------+-----
 Aeroporto Francisco Sá Carneiro | 1383.1483704974271012 | 17705 | 106
 Hotel Boa-vista                 |  979.0876662636033857 |  4196 | 125
 Maternidade                     |  949.5631929046563193 | 25349 | 174
(3 registros)

  mensagem  
------------
 velocidade
(1 registro)

              name               |         avg         |  max  |  min  
---------------------------------+---------------------+-------+-------
 Aeroporto Francisco Sá Carneiro | 35.8503687821612350 | 98.43 | 10.02
 Castelo do Queijo               | 24.8911491685281708 | 58.94 | 10.01
 Via Rápida                      | 24.7543166054671563 | 76.94 | 10.05
(3 registros)

 mensagem 
----------
 Maximo
(1 registro)

 mensagem 
----------
 metros
(1 registro)

              name               |          avg          |    max    |  min   
---------------------------------+-----------------------+-----------+--------
 Aeroporto Francisco Sá Carneiro |    12906.622118353345 | 290311.82 | 388.19
 Campanhã                        | 4870.5633852391196426 | 277363.43 | 275.21
 Maternidade                     | 4729.1222394678492239 | 273770.81 | 749.82
(3 registros)

 mensagem 
----------
 segundos
(1 registro)

      name      |         avg          |  max  | min 
----------------+----------------------+-------+-----
 Casa da Musica | 613.7503299023489047 | 45903 |  91
 Campanhã       | 814.5554194936289922 | 26734 |  92
 Maternidade    | 949.5631929046563193 | 25349 | 174
(3 registros)

  mensagem  
------------
 velocidade
(1 registro)

   name    |         avg         |  max   |  min  
-----------+---------------------+--------+-------
 Campanhã  | 19.9945651166639087 | 123.48 | 10.00
 São Bento | 18.0992205051821511 | 112.77 | 10.00
 Lordelo   | 20.2899374852000947 | 103.54 | 10.00
(3 registros)

 mensagem 
----------
 Minimo
(1 registro)

 mensagem 
----------
 metros
(1 registro)

     name      |          avg          |    max    |  min   
---------------+-----------------------+-----------+--------
 Marquês       | 3176.9704299065420561 | 272400.17 | 265.45
 Nove de Abril | 3353.2102837048515914 |  38692.61 | 267.98
 Ribeira       | 3740.2767475058164754 | 268132.57 | 270.09
(3 registros)

 mensagem 
----------
 segundos
(1 registro)

           name           |         avg          |  max  | min 
--------------------------+----------------------+-------+-----
 Vinte e Quatro de Agosto | 739.3002973240832507 |  4251 |  91
 Santa Maria              | 656.9316902775082476 |  9815 |  91
 Marquês                  | 607.9974385600553825 | 14165 |  91
(3 registros)

  mensagem  
------------
 velocidade
(1 registro)

           name           |         avg         |  max  |  min  
--------------------------+---------------------+-------+-------
 Alfândega                | 17.8769746568109820 | 72.01 | 10.00
 Vinte e Quatro de Agosto | 19.7476114965312190 | 55.56 | 10.00
 Rotunda Este             | 17.3535710512414157 | 79.70 | 10.00
(3 registros)

   label    
------------
 FIM PRAÇAS
(1 registro)

    label    
-------------
 FIM ANÁLISE
(1 registro)

